> Cadeias de Markov Resultantes/Aleatoria5 - BPTotal: X 
AA = 91.75800162331213 
AC = 4.394294568715483 
AG = 1.09545188809363 
AT = 2.7522519198787623 
CA = 2.0258340832203756 
CC = 94.57746238224874 
CG = 2.0414962809399597 
CT = 1.3552072535909148 
GA = 0.7958288812729716 
GC = 3.6271175920301837 
GG = 93.14168414238908 
GT = 2.4353693843077617 
TA = 2.2864503336015147 
TC = 1.292147158495258 
TG = 2.553006476989216 
TT = 93.86839603091401 
