> Cadeias de Markov Resultantes/Aleatoria4 - BPTotal: X 
AA = 23.930614209708715 
AC = 15.51153311737861 
AG = 25.62342737383781 
AT = 34.934425299074874 
CA = 47.88448665252779 
CC = 25.273549670614294 
CG = 8.489580400768254 
CT = 18.35238327608966 
GA = 94.62882154342982 
GC = 0.489744718897207 
GG = 0.13678156317973764 
GT = 4.7446521744932415 
TA = 66.92825637039603 
TC = 21.1246172143506 
TG = 6.722980249665208 
TT = 5.224146165588155 
