> Cadeias de Markov Resultantes/Aleatoria3 - BPTotal: X 
AA = 11.92957177247887 
AC = 39.28259736304158 
AG = 25.918571754906957 
AT = 22.869259109572592 
CA = 8.142117167266292 
CC = 11.720242350376768 
CG = 64.13759360607516 
CT = 16.000046876281772 
GA = 20.29972752043597 
GC = 58.3394351150536 
GG = 11.45014344188503 
GT = 9.910693922625406 
TA = 35.819351648852084 
TC = 25.731720804356172 
TG = 20.774430269398163 
TT = 17.674497277393584 
