> Cadeias de Markov Resultantes/Aleatoria2 - BPTotal: X 
AA = 1.0358281673961696 
AC = 12.88744528727892 
AG = 0.42581846269632206 
AT = 85.65090808262859 
CA = 20.720895733257983 
CC = 1.0878779316191014 
CG = 42.15526985024018 
CT = 36.03595648488274 
GA = 17.535668318865184 
GC = 27.969165046416737 
GG = 25.781143029274034 
GT = 28.71402360544404 
TA = 3.1161957425709925 
TC = 3.5588892240468657 
TG = 3.690414983922594 
TT = 89.63450004945955 
