> Cadeias de Markov Resultantes/Aleatoria1 - BPTotal: X 
AA = 25.01667626383275 
AC = 12.80394985148148 
AG = 4.745466051687866 
AT = 57.43390783299791 
CA = 0.8582120500973355 
CC = 7.988349002981055 
CG = 85.29086021243066 
CT = 5.862578734490952 
GA = 98.89100581467277 
GC = 0.752690832611654 
GG = 0.22763825312384017 
GT = 0.12866509959173572 
TA = 25.433933473209326 
TC = 58.94777870844149 
TG = 4.273819692659828 
TT = 11.34446812568936 
