> Cadeias de Markov Resultantes/Uniforme - BPTotal: X 
AA = 24.82216941233335 
AC = 23.153824465299873 
AG = 28.933016474000077 
AT = 23.090989648366698 
CA = 24.160368640259264 
CC = 22.969545824735523 
CG = 26.853012292228424 
CT = 26.017073242776785 
GA = 25.587429888009673 
GC = 22.97482578232706 
GG = 25.474117580404528 
GT = 25.96362674925875 
TA = 24.764253241015922 
TC = 25.821298334109784 
TG = 24.830117752895628 
TT = 24.584330671978666 
